i   Profit
0   6795.90
1   7889.70
2   8777.50
3   9466.40
4   10101.10
5   10178.40
6   10823.00
7   11288.70
8   11252.60
9   11596.80
10  11390.50
11  11632.70
12  11688.40
13  11799.50
14  11771.50
15  11933.00
16  12073.60
17  12184.20
18  12237.10
19  12209.60
20  12163.30
21  11989.20
22  12132.20
23  12191.30
24  12247.80
25  12270.20
26  12202.60
27  12111.60
28  12180.80
29  12293.60
30  12446.50
31  12545.40
32  12443.80
33  12307.80
34  12452.20
35  12494.80
36  12494.80
37  12358.00
38  12291.40
39  12283.30
40  12231.90
41  12529.10
42  12529.10
43  12529.10
44  12502.50
45  12551.40
46  12424.10
47  12322.10
48  12159.40
49  12116.60
50  12115.40
51  12190.20
52  12098.30
53  12201.60
54  12146.10
55  12038.30
56  12038.30
57  12086.00
58  12249.40
59  12357.90
60  12480.20
61  12516.10
62  12538.10
63  12586.20
64  12586.20
65  12586.20
66  12466.40
67  12529.50
68  12622.10
69  12622.10
70  12622.10
71  12645.30
72  12630.60
73  12630.60
74  12656.70
75  12711.00
76  12796.60
77  12898.70
78  12898.70
79  12838.60
80  12843.30
81  12842.20
82  12947.10
83  12947.10
84  12970.80
85  12889.50
86  13048.50
87  13075.50
88  12975.00
89  12977.30
90  12933.60
91  12933.60
92  13003.10
93  13013.50
94  13013.50
95  12984.70
96  12984.70
97  12917.20
98  12915.90
99  12893.70
100 13172.90
101 13241.60
102 13241.60
103 13241.60
104 13241.60
105 13349.80
106 13349.80
107 13393.70
108 13411.80
109 13411.80
110 13411.80
111 13360.90
112 13372.40
113 13372.40
114 13372.40
115 13408.40
116 13408.40
117 13475.90
118 13475.90
119 13417.60
120 13417.60
121 13417.60
122 13575.30
123 13590.50
124 13698.20
125 13698.20
126 13683.00
127 13739.70
128 13739.70
129 13786.40
130 13770.80
131 13723.20
132 13723.20
133 13702.00
134 13695.30
135 13695.30
136 13695.30
137 13689.20
138 13689.20
139 13689.20
140 13713.40
141 13735.30
142 13735.30
143 13807.50
144 13807.50
145 13807.50
146 13752.30
147 13745.00
148 13745.00
149 13823.90
150 13823.90
151 13619.30
152 13619.30
153 13557.40
154 13571.40
155 13645.10
156 13645.10
157 13680.50
158 13680.50
159 13680.50
160 13680.50
161 13585.90
162 13588.20
163 13588.20
164 13588.20
165 13588.20
166 13588.20
167 13588.20
168 13588.20
169 13805.80
170 13805.80
171 13844.80
172 13881.80
173 13839.30
174 13839.30
175 13808.50
176 13701.90
177 13701.90
178 13701.90
179 13701.90
180 13701.90
181 13701.90
182 13701.90
183 13701.90
184 13837.10
185 13801.90
186 13801.90
187 13801.90
188 13801.90
189 13887.30
190 13887.30
191 13887.30
192 13887.30
193 13880.40
194 13847.40
195 13847.40
196 13847.40
197 13891.20
198 13891.20
199 13891.20
200 13891.20
201 13891.20
202 13891.20
203 13891.20
204 13891.20
205 13824.80
206 13792.40
207 13759.40
208 13759.40
209 13715.90
210 13715.90
211 13715.90
212 13715.90
213 13715.90
214 13715.90
215 13715.90
216 13641.00
217 13621.20
218 13736.90
219 13736.90
220 13736.90
221 13856.60
222 13856.60
223 13786.00
224 13729.70
225 13729.70
226 13729.70
227 13729.70
228 13729.70
229 13729.70
230 13786.60
231 13786.60
232 13786.60
233 13786.60
234 13786.60
235 13843.60
236 13883.20
237 13828.50
238 13828.50
239 13828.50
240 13815.60
241 13815.60
242 13815.60
243 13815.60
244 13815.60
245 13815.60
246 13815.60
247 13815.60
248 13814.00
249 13814.00
250 13814.00
251 13814.00
252 13814.00
253 13814.00
254 13814.00
255 13814.00
256 13833.20
257 13833.20
258 13833.20
259 13833.20
260 13833.20
261 13942.30
262 13942.30
263 13886.30
264 13886.30
265 13886.30
266 13886.30
267 13886.30
268 13886.30
269 13969.00
270 13969.00
271 13969.00
272 13969.00
273 13977.60
274 14090.80
275 14090.80
276 14090.80
277 14180.60
278 14143.70
279 14143.70
280 14143.70
281 14084.50
282 14153.90
283 14153.90
284 14153.90
285 14173.80
286 14214.30
287 14214.30
288 14214.30
289 14214.30
290 14214.30
291 14214.30
292 14182.60
293 14177.10
294 14177.10
295 14177.10
296 14235.70
297 14235.70
298 14221.90
299 14221.90
300 14221.90
301 14221.90
302 14221.90
303 14221.90
304 14221.90
305 14221.90
306 14221.90
307 14221.90
308 14221.90
309 14155.70
310 14179.00
311 14179.00
312 14179.00
313 14179.00
314 14179.00
315 14160.30
316 14160.30
317 14203.90
318 14203.90
319 14203.90
320 14200.70
321 14200.70
322 14200.70
323 14200.70
324 14170.30
325 14170.30
326 14170.30
327 14170.30
328 14170.30
329 14170.30
330 14169.10
331 14169.10
332 14169.10
333 14169.10
334 14169.10
335 14169.10
336 14193.80
337 14193.80
338 14193.80
339 14193.80
340 14220.60
341 14220.60
342 14220.60
343 14220.60
344 14333.50
345 14303.60
346 14301.50
347 14301.50
348 14351.10
349 14351.10
350 14351.10
351 14362.10
352 14362.10
353 14356.50
354 14356.50
355 14356.50
356 14356.50
357 14356.50
358 14356.50
359 14356.50
360 14356.50
361 14356.50
362 14356.50
363 14246.00
364 14246.00
365 14319.80
366 14339.20
367 14339.20
368 14339.20
369 14339.20
370 14339.20
371 14333.30
372 14333.30
373 14292.50
374 14292.50
375 14292.50
376 14431.00
377 14431.00
378 14367.50
379 14307.60
380 14282.30
381 14282.30
382 14282.30
383 14405.70
384 14405.70
385 14405.70
386 14405.70
387 14405.70
388 14405.70
389 14405.70
390 14405.70
391 14405.70
392 14405.70
393 14405.70
394 14405.70
395 14395.10
396 14395.10
397 14395.10
398 14395.10
399 14395.10
400 14395.10
401 14385.70
402 14237.40
403 14237.40
404 14262.80
405 14262.80
406 14360.80
407 14360.80
408 14360.80
409 14360.80
410 14360.80
411 14360.80
412 14360.80
413 14360.80
414 14360.80
415 14360.80
416 14359.10
417 14328.30
418 14325.80
419 14325.80
420 14325.80
421 14325.80
422 14325.80
423 14325.80
424 14325.80
425 14325.80
426 14324.30
427 14324.30
428 14324.30
429 14324.30
430 14324.30
431 14324.30
432 14324.30
433 14299.60
434 14316.40
435 14316.40
436 14316.40
437 14316.40
438 14316.40
439 14316.40
440 14359.10
441 14359.10
442 14414.10
443 14414.10
444 14414.10
445 14414.10
446 14331.00
447 14331.00
448 14331.00
449 14331.00
450 14331.00
451 14331.00
452 14331.00
453 14331.00
454 14314.60
455 14314.60
456 14287.50
457 14287.50
458 14287.50
459 14287.50
460 14287.50
461 14287.50
462 14238.40
463 14238.40
464 14238.40
465 14238.40
466 14238.40
467 14259.00
468 14259.00
469 14259.00
470 14295.90
471 14295.90
472 14295.90
473 14295.90
474 14295.90
475 14295.90
476 14295.90
477 14295.90
478 14295.90
479 14357.70
480 14259.00
481 14259.00
482 14259.00
483 14259.00
484 14259.00
485 14259.00
486 14259.00
487 14259.00
488 14159.20
489 14159.20
490 14159.20
491 14159.20
492 14159.20
493 14159.20
494 14140.90
495 14140.90
496 14104.00
497 14104.00
498 14104.00
499 14104.00
500 14128.00
501 14186.10
502 14186.10
503 14186.10
504 14186.10
505 14155.60
506 14155.60
507 14155.60
508 14184.70
509 14184.70
510 14184.70
511 14082.30
512 14082.30
513 14082.30
514 14129.30
515 14129.30
516 14129.30
517 14129.30
518 14203.50
519 14203.50
520 14203.50
521 14203.50
522 14203.50
523 14149.00
524 14149.00
525 14149.00
526 14149.00
527 14149.00
528 14149.00
529 14149.00
530 14106.60
531 14106.60
532 14106.60
533 14106.60
534 14106.60
535 14106.60
536 14106.60
537 14106.60
538 14106.60
539 14111.50
540 14111.50
541 14111.50
542 14111.50
543 14111.50
544 14111.50
545 14111.50
546 14111.50
547 14099.60
548 14099.60
549 14099.60
550 14099.60
551 14099.60
552 14099.60
553 14099.60
554 14099.60
555 14099.60
556 14099.60
557 14099.60
558 14099.60
559 14099.60
560 14099.60
561 14099.60
562 14099.60
563 14099.60
564 14099.60
565 14099.60
566 14099.60
567 14099.60
568 14099.60
569 14099.60
570 14120.70
571 14120.70
572 14120.70
573 14120.70
574 14120.70
575 14120.70
576 14120.70
577 14120.70
578 14049.20
579 14049.20
580 14049.20
581 14049.20
582 14049.20
583 14049.20
584 14049.20
585 14049.20
586 14049.20
587 14049.20
588 14049.20
589 14049.20
590 14042.20
591 14042.20
592 13877.60
593 13877.60
594 13877.60
595 13877.60
596 13856.40
597 13856.40
598 13856.40
599 13856.40
600 13856.40
601 13856.40
602 13856.40
603 13856.40
604 13808.40
605 13808.40
606 13808.40
607 13808.40
608 13808.40
609 13808.40
610 13808.40
611 13766.60
612 13766.60
613 13766.60
614 13766.60
615 13798.30
616 13798.30
617 13798.30
618 13767.30
619 13828.00
620 13828.00
621 13792.40
622 13818.50
623 13713.70
624 13686.90
625 13642.80
626 13642.80
627 13642.80
628 13642.80
629 13642.80
630 13642.80
631 13642.80
632 13642.80
633 13642.80
634 13642.80
635 13642.80
636 13642.80
637 13642.80
638 13642.80
639 13642.80
640 13642.80
641 13642.80
642 13642.80
643 13642.80
644 13642.80
645 13705.40
646 13705.40
647 13705.40
648 13705.40
649 13705.40
650 13588.40
651 13588.40
652 13588.40
653 13646.40
654 13611.60
655 13487.00
656 13496.90
657 13496.90
658 13496.90
659 13496.90
660 13496.90
661 13496.90
662 13542.20
663 13542.20
664 13542.20
665 13542.20
666 13542.20
667 13542.20
668 13542.20
669 13542.20
670 13542.20
671 13542.20
672 13542.20
673 13542.20
674 13577.60
675 13577.60
676 13577.60
677 13577.60
678 13654.10
679 13654.10
680 13654.10
681 13769.70
682 13769.70
683 13769.70
684 13769.70
685 13769.70
686 13769.70
687 13769.70
688 13750.10
689 13750.10
690 13750.10
691 13750.10
692 13750.10
693 13750.10
694 13750.10
695 13750.10
696 13750.10
697 13694.00
698 13721.10
699 13721.10
700 13721.10
701 13721.10
702 13721.10
703 13721.10
704 13721.10
705 13721.10
706 13721.10
707 13721.10
708 13721.10
709 13721.10
710 13721.10
711 13721.10
712 13721.10
713 13721.10
714 13721.10
715 13721.10
716 13721.10
717 13730.90
718 13730.90
719 13730.90
720 13730.90
721 13730.90
722 13730.90
723 13730.90
724 13730.90
725 13789.20
726 13789.20
727 13789.20
728 13789.20
729 13789.20
730 13789.20
731 13789.20
732 13789.20
733 13789.20
734 13789.20
735 13789.20
736 13789.20
737 13789.20
738 13789.20
739 13789.20
740 13789.20
741 13789.20
742 13810.00
743 13810.00
744 13810.00
745 13810.00
746 13810.00
747 13810.00
748 13810.00
749 13810.00
750 13922.90
751 13922.90
752 13893.30
753 13893.30
754 13893.30
755 13893.30
756 13893.30
757 13893.30
758 13893.30
759 13893.30
760 13893.30
761 13893.30
762 13893.30
763 13893.30
764 13893.30
765 13893.30
766 13893.30
767 13893.30
768 13893.30
769 13893.30
770 13893.30
771 13954.00
772 13954.00
773 13954.00
774 13954.00
775 13954.00
776 13954.00
777 13954.00
778 13893.20
779 13893.20
780 13893.20
781 13893.20
782 13893.20
783 13893.20
784 13893.20
785 13893.20
786 13893.20
787 13893.20
788 13893.20
789 13893.20
790 13893.20
791 13893.20
792 13893.20
793 13893.20
794 13893.20
795 13893.20
796 13893.20
797 13893.20
798 13872.40
799 13945.20
800 13973.00
801 13973.00
802 13973.00
803 13973.00
804 13973.00
805 13973.00
806 13950.70
807 13950.70
808 13950.70
809 13950.70
810 13950.70
811 13950.70
812 13950.70
813 13950.70
814 13950.70
815 13950.70
816 13950.70
817 13950.70
818 13950.70
819 13950.70
820 13950.70
821 13930.70
822 13930.70
823 13930.70
824 13930.70
825 13930.70
826 13930.70
827 13930.70
828 13989.00
829 13989.00
830 13989.00
831 13989.00
832 13989.00
833 13989.00
834 13989.00
835 13989.00
836 13989.00
837 13989.00
838 13989.00
839 13923.20
840 13923.20
841 13923.20
842 13923.20
843 13923.20
844 13923.20
845 13923.20
846 13923.20
847 13923.20
848 13923.20
849 13923.20
850 13923.20
851 13923.20
852 13923.20
853 13923.20
854 13923.20
855 13923.20
856 13923.20
857 13923.20
858 13923.20
859 13923.20
860 13923.20
861 13923.20
862 13923.20
863 13923.20
864 13923.20
865 13923.20
866 13923.20
867 13923.20
868 13828.60
869 13804.70
870 13804.70
871 13804.70
872 13804.70
873 13804.70
874 13804.70
875 13804.70
876 13804.70
877 13804.70
878 13804.70
879 13804.70
880 13804.70
881 13842.00
882 13856.40
883 13856.40
884 13856.40
885 13856.40
886 13842.60
887 13842.60
888 13842.60
889 13842.60
890 13842.60
891 13842.60
892 13842.60
893 13842.60
894 13842.60
895 13842.60
896 13842.60
897 13842.60
898 13842.60
899 13842.60
900 13842.60
901 13842.60
902 13842.60
903 13842.60
904 13842.60
905 13842.60
906 13842.60
907 13842.60
908 13842.60
909 13842.60
910 13842.60
911 13842.60
912 13842.60
913 13842.60
914 13842.60
915 13842.60
916 13842.60
917 13842.60
918 13842.60
919 13823.80
920 13823.80
921 13823.80
922 13823.80
923 13823.80
924 13783.70
925 13802.80
926 13802.80
927 13802.80
928 13790.30
929 13825.70
930 13825.70
931 13825.70
932 13825.70
933 13825.70
934 13825.70
935 13797.10
936 13797.10
937 13797.10
938 13797.10
939 13797.10
940 13797.10
941 13797.10
942 13797.10
943 13797.10
944 13797.10
945 13797.10
946 13797.10
947 13797.10
948 13750.10
949 13750.10
950 13750.10
951 13750.10
952 13750.10
953 13750.10
954 13750.10
955 13750.10
956 13750.10
957 13750.10
958 13750.10
959 13750.10
960 13750.10
961 13750.10
962 13750.10
963 13750.10
964 13750.10
965 13750.10
966 13750.10
967 13750.10
968 13698.90
969 13698.90
970 13698.90
971 13698.90
972 13698.90
973 13698.90
974 13698.90
975 13698.90
976 13698.90
977 13698.90
978 13698.90
979 13698.90
980 13703.40
981 13703.40
982 13703.40
983 13703.40
984 13703.40
985 13706.90
986 13706.90
987 13706.90
988 13706.90
989 13706.90
990 13706.90
991 13706.90
992 13706.90
993 13706.90
994 13706.90
995 13706.90
996 13706.90
997 13706.90
998 13706.90
999 13706.90
1000    13706.90
1001    13706.90
1002    13610.40
1003    13610.40
1004    13610.40
1005    13610.40
1006    13610.40
1007    13610.40
1008    13610.40
1009    13610.40
1010    13610.40
1011    13610.40
1012    13575.70
1013    13575.70
1014    13575.70
1015    13575.70
1016    13575.70
1017    13575.70
1018    13528.00
1019    13528.00
1020    13528.00
1021    13528.00
1022    13528.00
1023    13528.00
1024    13528.00
1025    13650.20
1026    13650.20
1027    13650.20
1028    13650.20
1029    13650.20
1030    13650.20
1031    13650.20
1032    13650.20
1033    13650.20
1034    13650.20
1035    13650.20
1036    13650.20
1037    13667.50
1038    13667.50
1039    13667.50
1040    13667.50
1041    13667.50
1042    13667.50
1043    13667.50
1044    13624.70
1045    13624.70
1046    13624.70
1047    13624.70
1048    13624.70
1049    13624.70
1050    13624.70
1051    13624.70
1052    13624.70
1053    13624.70
1054    13624.70
1055    13624.70
1056    13624.70
1057    13624.70
1058    13624.70
1059    13624.70
1060    13624.70
1061    13624.70
1062    13624.70
1063    13624.70
1064    13624.70
1065    13624.70
1066    13624.70
1067    13624.70
1068    13624.70
1069    13624.70
1070    13624.70
1071    13624.70
1072    13624.70
1073    13624.70
1074    13624.70
1075    13624.70
1076    13624.70
1077    13624.70
1078    13624.70
1079    13624.70
1080    13624.70
1081    13624.70
1082    13624.70
1083    13624.70
1084    13593.60
1085    13593.60
1086    13593.60
1087    13593.60
1088    13593.60
1089    13593.60
1090    13593.60
1091    13593.60
1092    13593.60
1093    13593.60
1094    13593.60
1095    13593.60
1096    13593.60
1097    13593.60
1098    13593.60
1099    13593.60
1100    13593.60
1101    13593.60
1102    13593.60
1103    13593.60
1104    13593.60
1105    13593.60
1106    13593.60
1107    13593.60
1108    13548.60
1109    13548.60
1110    13548.60
1111    13548.60
1112    13548.60
1113    13548.60
1114    13548.60
1115    13548.60
1116    13548.60
1117    13548.60
1118    13548.60
1119    13548.60
1120    13548.60
1121    13548.60
1122    13548.60
1123    13548.60
1124    13548.60
1125    13548.60
1126    13548.60
1127    13548.60
1128    13548.60
1129    13548.60
1130    13548.60
1131    13548.60
1132    13548.60
1133    13548.60
1134    13548.60
1135    13548.60
1136    13548.60
1137    13548.60
1138    13548.60
1139    13548.60
1140    13548.60
1141    13548.60
1142    13548.60
1143    13548.60
1144    13548.60
1145    13548.60
1146    13548.60
1147    13548.60
1148    13548.60
1149    13548.60
1150    13548.60
1151    13548.60
1152    13542.90
1153    13542.90
1154    13542.90
1155    13542.90
1156    13542.90
1157    13542.90
1158    13542.90
1159    13542.90
1160    13542.90
1161    13542.90
1162    13542.90
1163    13569.90
1164    13569.90
1165    13569.90
1166    13647.10
1167    13647.10
1168    13647.10
1169    13647.10
1170    13647.10
1171    13647.10
1172    13647.10
1173    13647.10
1174    13647.10
1175    13647.10
1176    13647.10
1177    13642.20
1178    13642.20
1179    13642.20
1180    13642.20
1181    13642.20
1182    13642.20
1183    13642.20
1184    13642.20
1185    13642.20
1186    13642.20
1187    13642.20
1188    13642.20
1189    13743.90
1190    13743.90
1191    13743.90
1192    13743.90
1193    13743.90
1194    13743.90
1195    13743.90
1196    13743.90
1197    13743.90
1198    13743.90
1199    13743.90
1200    13743.90
