i   Profit
0   8394.30
1   8888.10
2   8904.20
3   9360.70
4   9278.20
5   9529.40
6   9505.20
7   9620.00
8   9902.40
9   9908.60
10  9775.30
11  9798.20
12  9796.20
13  9795.80
14  9795.80
15  9795.80
16  9947.40
17  9947.40
18  9947.40
19  9947.40
20  9947.40
21  9947.40
22  9947.40
23  9947.40
24  9947.40
25  9947.40
26  9947.40
27  9947.40
28  9947.40
29  9947.40
30  9947.40
31  9947.40
32  9947.40
33  9947.40
34  9947.40
35  9947.40
36  9947.40
37  9947.40
38  9947.40
39  9947.40
40  9947.40
41  9947.40
42  9947.40
43  9947.40
44  9947.40
45  9947.40
46  9947.40
47  9947.40
48  9947.40
49  9947.40
50  9947.40
51  9947.40
52  9947.40
53  9947.40
54  9947.40
55  9947.40
56  9947.40
57  9947.40
58  9947.40
59  9947.40
60  9947.40
61  9947.40
62  9947.40
63  9947.40
64  9947.40
65  9947.40
66  9947.40
67  9947.40
68  9947.40
69  9947.40
70  9947.40
71  9947.40
72  9947.40
73  9947.40
74  9947.40
75  9947.40
76  9947.40
77  9947.40
78  9947.40
79  9947.40
80  9947.40
81  9947.40
82  9947.40
83  9947.40
84  9947.40
85  9947.40
86  9947.40
87  9947.40
88  9947.40
89  9947.40
90  9947.40
91  9947.40
92  9947.40
93  9947.40
94  9947.40
95  9947.40
96  9947.40
97  9947.40
98  9947.40
99  9947.40
100 9947.40
101 9947.40
102 9947.40
103 9947.40
104 9947.40
105 9947.40
106 9947.40
107 9947.40
108 9947.40
109 9947.40
110 9947.40
111 9947.40
112 9947.40
113 9947.40
114 9947.40
115 9947.40
116 9947.40
117 9947.40
118 9947.40
119 9947.40
120 9947.40
121 9947.40
122 9947.40
123 9947.40
124 9947.40
125 9947.40
126 9947.40
127 9947.40
128 9947.40
129 9947.40
130 9947.40
131 9947.40
132 9947.40
133 9947.40
134 9947.40
135 9947.40
136 9947.40
137 9947.40
138 9947.40
139 9947.40
140 9947.40
141 9947.40
142 9947.40
143 9947.40
144 9947.40
145 9947.40
146 9947.40
147 9947.40
148 9947.40
149 9947.40
150 9947.40
151 9947.40
152 9947.40
153 9947.40
154 9947.40
155 9947.40
156 9947.40
157 9947.40
158 9947.40
159 9947.40
160 9947.40
161 9947.40
162 9947.40
163 9947.40
164 9947.40
165 9947.40
166 9947.40
167 9947.40
168 9947.40
169 9947.40
170 9947.40
171 9947.40
172 9947.40
173 9947.40
174 9947.40
175 9947.40
176 9947.40
177 9947.40
178 9947.40
179 9947.40
180 9947.40
181 9947.40
182 9947.40
183 9947.40
184 9947.40
185 9947.40
186 9947.40
187 9947.40
188 9947.40
189 9947.40
190 9947.40
191 9947.40
192 9947.40
193 9947.40
194 9947.40
195 9947.40
196 9947.40
197 9947.40
198 9947.40
199 9947.40
200 9947.40
201 9947.40
202 9947.40
203 9947.40
204 9947.40
205 9947.40
206 9947.40
207 9947.40
208 9947.40
209 9947.40
210 9947.40
211 9947.40
212 9947.40
213 9947.40
214 9947.40
215 9947.40
216 9947.40
217 9947.40
218 9947.40
219 9947.40
220 9947.40
221 9947.40
222 9947.40
223 9947.40
224 9947.40
225 9947.40
226 9947.40
227 9947.40
228 9947.40
229 9947.40
230 9947.40
231 9947.40
232 9947.40
233 9947.40
234 9947.40
235 9947.40
236 9947.40
237 9947.40
238 9947.40
239 9947.40
240 9947.40
241 9947.40
242 9947.40
243 9947.40
244 9947.40
245 9947.40
246 9947.40
247 9947.40
248 9947.40
249 9947.40
250 9947.40
251 9947.40
252 9947.40
253 9947.40
254 9947.40
255 9947.40
256 9947.40
257 9947.40
258 9947.40
259 9947.40
260 9947.40
261 9947.40
262 9947.40
263 9947.40
264 9947.40
265 9947.40
266 9947.40
267 9947.40
268 9947.40
269 9947.40
270 9947.40
271 9947.40
272 9947.40
273 9947.40
274 9947.40
275 9947.40
276 9947.40
277 9947.40
278 9947.40
279 9947.40
280 9947.40
281 9947.40
282 9947.40
283 9947.40
284 9947.40
285 9947.40
286 9947.40
287 9947.40
288 9947.40
289 9947.40
290 9947.40
291 9947.40
292 9947.40
293 9947.40
294 9947.40
295 9947.40
296 9947.40
297 9947.40
298 9947.40
299 9947.40
300 9947.40
301 9947.40
302 9947.40
303 9947.40
304 9947.40
305 9947.40
306 9947.40
307 9947.40
308 9947.40
309 9947.40
310 9947.40
311 9947.40
312 9947.40
313 9947.40
314 9947.40
315 9947.40
316 9947.40
317 9947.40
318 9947.40
319 9947.40
320 9947.40
321 9947.40
322 9947.40
323 9947.40
324 9947.40
325 9947.40
326 9947.40
327 9947.40
328 9947.40
329 9947.40
330 9947.40
331 9947.40
332 9947.40
333 9947.40
334 9947.40
335 9947.40
336 9947.40
337 9947.40
338 9947.40
339 9947.40
340 9947.40
341 9947.40
342 9947.40
343 9947.40
344 9947.40
345 9947.40
346 9947.40
347 9947.40
348 9947.40
349 9947.40
350 9947.40
351 9947.40
352 9947.40
353 9947.40
354 9947.40
355 9947.40
356 9947.40
357 9947.40
358 9947.40
359 9947.40
360 9947.40
361 9947.40
362 9947.40
363 9947.40
364 9947.40
365 9947.40
366 9947.40
367 9947.40
368 9947.40
369 9947.40
370 9947.40
371 9947.40
372 9947.40
373 9947.40
374 9947.40
375 9947.40
376 9947.40
377 9947.40
378 9947.40
379 9947.40
380 9947.40
381 9947.40
382 9947.40
383 9947.40
384 9947.40
385 9947.40
386 9947.40
387 9947.40
388 9947.40
389 9947.40
390 9947.40
391 9947.40
392 9947.40
393 9947.40
394 9947.40
395 9947.40
396 9947.40
397 9947.40
398 9947.40
399 9947.40
400 9947.40
401 9947.40
402 9947.40
403 9947.40
404 9947.40
405 9947.40
406 9947.40
407 9947.40
408 9947.40
409 9947.40
410 9947.40
411 9947.40
412 9947.40
413 9947.40
414 9947.40
415 9947.40
416 9947.40
417 9947.40
418 9947.40
419 9947.40
420 9947.40
421 9947.40
422 9947.40
423 9947.40
424 9947.40
425 9947.40
426 9947.40
427 9947.40
428 9947.40
429 9947.40
430 9947.40
431 9947.40
432 9947.40
433 9947.40
434 9947.40
435 9947.40
436 9947.40
437 9947.40
438 9947.40
439 9947.40
440 9947.40
441 9947.40
442 9947.40
443 9947.40
444 9947.40
445 9947.40
446 9947.40
447 9947.40
448 9947.40
449 9947.40
450 9947.40
451 9947.40
452 9947.40
453 9947.40
454 9947.40
455 9947.40
456 9947.40
457 9947.40
458 9947.40
459 9947.40
460 9947.40
461 9947.40
462 9947.40
463 9947.40
464 9947.40
465 9947.40
466 9947.40
467 9947.40
468 9947.40
469 9947.40
470 9947.40
471 9947.40
472 9947.40
473 9947.40
474 9947.40
475 9947.40
476 9947.40
477 9947.40
478 9947.40
479 9947.40
480 9947.40
481 9947.40
482 9947.40
483 9947.40
484 9947.40
485 9947.40
486 9947.40
487 9947.40
488 9947.40
489 9947.40
490 9947.40
491 9947.40
492 9947.40
493 9947.40
494 9947.40
495 9947.40
496 9947.40
497 9947.40
498 9947.40
499 9947.40
500 9947.40
501 9947.40
502 9947.40
503 9947.40
504 9947.40
505 9947.40
506 9947.40
507 9947.40
508 9947.40
509 9947.40
510 9947.40
511 9947.40
512 9947.40
513 9947.40
514 9947.40
515 9947.40
516 9947.40
517 9947.40
518 9947.40
519 9947.40
520 9947.40
521 9947.40
522 9947.40
523 9947.40
524 9947.40
525 9947.40
526 9947.40
527 9947.40
528 9947.40
529 9947.40
530 9947.40
531 9947.40
532 9947.40
533 9947.40
534 9947.40
535 9947.40
536 9947.40
537 9947.40
538 9947.40
539 9947.40
540 9947.40
541 9947.40
542 9947.40
543 9947.40
544 9947.40
545 9947.40
546 9947.40
547 9947.40
548 9947.40
549 9947.40
550 9947.40
551 9947.40
552 9947.40
553 9947.40
554 9947.40
555 9947.40
556 9947.40
557 9947.40
558 9947.40
559 9947.40
560 9947.40
561 9947.40
562 9947.40
563 9947.40
564 9947.40
565 9947.40
566 9947.40
567 9947.40
568 9947.40
569 9947.40
570 9947.40
571 9947.40
572 9947.40
573 9947.40
574 9947.40
575 9947.40
576 9947.40
577 9947.40
578 9947.40
579 9947.40
580 9947.40
581 9947.40
582 9947.40
583 9947.40
584 9947.40
585 9947.40
586 9947.40
587 9947.40
588 9947.40
589 9947.40
590 9947.40
591 9947.40
592 9947.40
593 9947.40
594 9947.40
595 9947.40
596 9947.40
597 9947.40
598 9947.40
599 9947.40
600 9947.40
601 9947.40
602 9947.40
603 9947.40
604 9947.40
605 9947.40
606 9947.40
607 9947.40
608 9947.40
609 9947.40
610 9947.40
611 9947.40
612 9947.40
613 9947.40
614 9947.40
615 9947.40
616 9947.40
617 9947.40
618 9947.40
619 9947.40
620 9947.40
621 9947.40
622 9947.40
623 9947.40
624 9947.40
625 9947.40
626 9947.40
627 9947.40
628 9947.40
629 9947.40
630 9947.40
631 9947.40
632 9947.40
633 9947.40
634 9947.40
635 9947.40
636 9947.40
637 9947.40
638 9947.40
639 9947.40
640 9947.40
641 9947.40
642 9947.40
643 9947.40
644 9947.40
645 9947.40
646 9947.40
647 9947.40
648 9947.40
649 9947.40
650 9947.40
651 9947.40
652 9947.40
653 9947.40
654 9947.40
655 9947.40
656 9947.40
657 9947.40
658 9947.40
659 9947.40
660 9947.40
661 9947.40
662 9947.40
663 9947.40
664 9947.40
665 9947.40
666 9947.40
667 9947.40
668 9947.40
669 9947.40
670 9947.40
671 9947.40
672 9947.40
673 9947.40
674 9947.40
675 9947.40
676 9947.40
677 9947.40
678 9947.40
679 9947.40
680 9947.40
681 9947.40
682 9947.40
683 9947.40
684 9947.40
685 9947.40
686 9947.40
687 9947.40
688 9947.40
689 9947.40
690 9947.40
691 9947.40
692 9947.40
693 9947.40
694 9947.40
695 9947.40
696 9947.40
697 9947.40
698 9947.40
699 9947.40
700 9947.40
701 9947.40
702 9947.40
703 9947.40
704 9947.40
705 9947.40
706 9947.40
707 9947.40
708 9947.40
709 9947.40
710 9947.40
711 9947.40
712 9947.40
713 9947.40
714 9947.40
715 9947.40
716 9947.40
717 9947.40
718 9947.40
719 9947.40
720 9947.40
721 9947.40
722 9947.40
723 9947.40
724 9947.40
725 9947.40
726 9947.40
727 9947.40
728 9947.40
729 9947.40
730 9947.40
731 9947.40
732 9947.40
733 9947.40
734 9947.40
735 9947.40
736 9947.40
737 9947.40
738 9947.40
739 9947.40
740 9947.40
741 9947.40
742 9947.40
743 9947.40
744 9947.40
745 9947.40
746 9947.40
747 9947.40
748 9947.40
749 9947.40
750 9947.40
751 9947.40
752 9947.40
753 9947.40
754 9947.40
755 9947.40
756 9947.40
757 9947.40
758 9947.40
759 9947.40
760 9947.40
761 9947.40
762 9947.40
763 9947.40
764 9947.40
765 9947.40
766 9947.40
767 9947.40
768 9947.40
769 9947.40
770 9947.40
771 9947.40
772 9947.40
773 9947.40
774 9947.40
775 9947.40
776 9947.40
777 9947.40
778 9947.40
779 9947.40
780 9947.40
781 9947.40
782 9947.40
783 9947.40
784 9947.40
785 9947.40
786 9947.40
787 9947.40
788 9947.40
789 9947.40
790 9947.40
791 9947.40
792 9947.40
793 9947.40
794 9947.40
795 9947.40
796 9947.40
797 9947.40
798 9947.40
799 9947.40
800 9947.40
801 9947.40
802 9947.40
803 9947.40
804 9947.40
805 9947.40
806 9947.40
807 9947.40
808 9947.40
809 9947.40
810 9947.40
811 9947.40
812 9947.40
813 9947.40
814 9947.40
815 9947.40
816 9947.40
817 9947.40
818 9947.40
819 9947.40
820 9947.40
821 9947.40
822 9947.40
823 9947.40
824 9947.40
825 9947.40
826 9947.40
827 9947.40
828 9947.40
829 9947.40
830 9947.40
831 9947.40
832 9947.40
833 9947.40
834 9947.40
835 9947.40
836 9947.40
837 9947.40
838 9947.40
839 9947.40
840 9947.40
841 9947.40
842 9947.40
843 9947.40
844 9947.40
845 9947.40
846 9947.40
847 9947.40
848 9947.40
849 9947.40
850 9947.40
851 9947.40
852 9947.40
853 9947.40
854 9947.40
855 9947.40
856 9947.40
857 9947.40
858 9947.40
859 9947.40
860 9947.40
861 9947.40
862 9947.40
863 9947.40
864 9947.40
865 9947.40
866 9947.40
867 9947.40
868 9947.40
869 9947.40
870 9947.40
871 9947.40
872 9947.40
873 9947.40
874 9947.40
875 9947.40
876 9947.40
877 9947.40
878 9947.40
879 9947.40
880 9947.40
881 9947.40
882 9947.40
883 9947.40
884 9947.40
885 9947.40
886 9947.40
887 9947.40
888 9947.40
889 9947.40
890 9947.40
891 9947.40
892 9947.40
893 9947.40
894 9947.40
895 9947.40
896 9947.40
897 9947.40
898 9947.40
899 9947.40
900 9947.40
901 9947.40
902 9947.40
903 9947.40
904 9947.40
905 9947.40
906 9947.40
907 9947.40
908 9947.40
909 9947.40
910 9947.40
911 9947.40
912 9947.40
913 9947.40
914 9947.40
915 9947.40
916 9947.40
917 9947.40
918 9947.40
919 9947.40
920 9947.40
921 9947.40
922 9947.40
923 9947.40
924 9947.40
925 9947.40
926 9947.40
927 9947.40
928 9947.40
929 9947.40
930 9947.40
931 9947.40
932 9947.40
933 9947.40
934 9947.40
935 9947.40
936 9947.40
937 9947.40
938 9947.40
939 9947.40
940 9947.40
941 9947.40
942 9947.40
943 9947.40
944 9947.40
945 9947.40
946 9947.40
947 9947.40
948 9947.40
949 9947.40
950 9947.40
951 9947.40
952 9947.40
953 9947.40
954 9947.40
955 9947.40
956 9947.40
957 9947.40
958 9947.40
959 9947.40
960 9947.40
961 9947.40
962 9947.40
963 9947.40
964 9947.40
965 9947.40
966 9947.40
967 9947.40
968 9947.40
969 9947.40
970 9947.40
971 9947.40
972 9947.40
973 9947.40
974 9947.40
975 9947.40
976 9947.40
977 9947.40
978 9947.40
979 9947.40
980 9947.40
981 9947.40
982 9947.40
983 9947.40
984 9947.40
985 9947.40
986 9947.40
987 9947.40
988 9947.40
989 9947.40
990 9947.40
991 9947.40
992 9947.40
993 9947.40
994 9947.40
995 9947.40
996 9947.40
997 9947.40
998 9947.40
999 9947.40
1000    9947.40
1001    9947.40
1002    9947.40
1003    9947.40
1004    9947.40
1005    9947.40
1006    9947.40
1007    9947.40
1008    9947.40
1009    9947.40
1010    9947.40
1011    9947.40
1012    9947.40
1013    9947.40
1014    9947.40
1015    9947.40
1016    9947.40
1017    9947.40
1018    9947.40
1019    9947.40
1020    9947.40
1021    9947.40
1022    9947.40
1023    9947.40
1024    9947.40
1025    9947.40
1026    9947.40
1027    9947.40
1028    9947.40
1029    9947.40
1030    9947.40
1031    9947.40
1032    9947.40
1033    9947.40
1034    9947.40
1035    9947.40
1036    9947.40
1037    9947.40
1038    9947.40
1039    9947.40
1040    9947.40
1041    9947.40
1042    9947.40
1043    9947.40
1044    9947.40
1045    9947.40
1046    9947.40
1047    9947.40
1048    9947.40
1049    9947.40
1050    9947.40
1051    9947.40
1052    9947.40
1053    9947.40
1054    9947.40
1055    9947.40
1056    9947.40
1057    9947.40
1058    9947.40
1059    9947.40
1060    9947.40
1061    9947.40
1062    9947.40
1063    9947.40
1064    9947.40
1065    9947.40
1066    9947.40
1067    9947.40
1068    9947.40
1069    9947.40
1070    9947.40
1071    9947.40
1072    9947.40
1073    9947.40
1074    9947.40
1075    9947.40
1076    9947.40
1077    9947.40
1078    9947.40
1079    9947.40
1080    9947.40
1081    9947.40
1082    9947.40
1083    9947.40
1084    9947.40
1085    9947.40
1086    9947.40
1087    9947.40
1088    9947.40
1089    9947.40
1090    9947.40
1091    9947.40
1092    9947.40
1093    9947.40
1094    9947.40
1095    9947.40
1096    9947.40
1097    9947.40
1098    9947.40
1099    9947.40
1100    9947.40
1101    9947.40
1102    9947.40
1103    9947.40
1104    9947.40
1105    9947.40
1106    9947.40
1107    9947.40
1108    9947.40
1109    9947.40
1110    9947.40
1111    9947.40
1112    9947.40
1113    9947.40
1114    9947.40
1115    9947.40
1116    9947.40
1117    9947.40
1118    9947.40
1119    9947.40
1120    9947.40
1121    9947.40
1122    9947.40
1123    9947.40
1124    9947.40
1125    9947.40
1126    9947.40
1127    9947.40
1128    9947.40
1129    9947.40
1130    9947.40
1131    9947.40
1132    9947.40
1133    9947.40
1134    9947.40
1135    9947.40
1136    9947.40
1137    9947.40
1138    9947.40
1139    9947.40
1140    9947.40
1141    9947.40
1142    9947.40
1143    9947.40
1144    9947.40
1145    9947.40
1146    9947.40
1147    9947.40
1148    9947.40
1149    9947.40
1150    9947.40
1151    9947.40
1152    9947.40
1153    9947.40
1154    9947.40
1155    9947.40
1156    9947.40
1157    9947.40
1158    9947.40
1159    9947.40
1160    9947.40
1161    9947.40
1162    9947.40
1163    9947.40
1164    9947.40
1165    9947.40
1166    9947.40
1167    9947.40
1168    9947.40
1169    9947.40
1170    9947.40
1171    9947.40
1172    9947.40
1173    9947.40
1174    9947.40
1175    9947.40
1176    9947.40
1177    9947.40
1178    9947.40
1179    9947.40
1180    9947.40
1181    9947.40
1182    9947.40
1183    9947.40
1184    9947.40
1185    9947.40
1186    9947.40
1187    9947.40
1188    9947.40
1189    9947.40
1190    9947.40
1191    9947.40
1192    9947.40
1193    9947.40
1194    9947.40
1195    9947.40
1196    9947.40
1197    9947.40
1198    9947.40
1199    9947.40
1200    9947.40
